blue  hsv colors:
[   0.60621762    1.          193.        ]
[   0.60512821    1.          195.        ]
[   0.60558464    1.          191.        ]
[   0.60512821    0.99489796  196.        ]
[   0.60512821    1.          195.        ]
[   0.6056701    1.         194.       ]
[   0.60512821    1.          195.        ]
[   0.60621762    1.          193.        ]
[   0.60621762    1.          193.        ]
[   0.6056701    1.         194.       ]
[   0.6056701    1.         194.       ]
[   0.60738832    0.99487179  195.        ]
[   0.6056701    1.         194.       ]
[   0.6056701    1.         194.       ]
[   0.60732984    1.          191.        ]
[   0.60512821    1.          195.        ]
[   0.60732984    1.          191.        ]
[   0.60738832    0.98477157  197.        ]
[   0.60677083    1.          192.        ]
[   0.6056701    1.         194.       ]
[   0.60512821    1.          195.        ]
[   0.60512821    0.99489796  196.        ]
[   0.6056701    1.         194.       ]
[   0.60512821    0.9798995   199.        ]
[   0.60512821    1.          195.        ]
[   0.60732984    1.          191.        ]
[   0.60621762    1.          193.        ]
[   0.60708117    1.          193.        ]
[   0.60512821    0.99489796  196.        ]
[   0.60512821    0.975       200.        ]
[   0.60512821    1.          195.        ]
[   0.6056701    1.         194.       ]
[   0.60789474    1.          190.        ]
[ 0.33333333  1.          2.        ]
[ 0.33333333  1.          1.        ]

 green  hsv colors:
[   0.33333333    1.          231.        ]
[   0.33333333    1.          232.        ]
[   0.33262108    1.          234.        ]
[   0.33333333    1.          233.        ]
[   0.33333333    1.          232.        ]
[   0.33333333    1.          234.        ]
[   0.33333333    1.          233.        ]
[   0.33333333    1.          232.        ]
[   0.33333333    1.          233.        ]
[   0.33333333    1.          232.        ]
[   0.33333333    1.          234.        ]
[   0.33333333    1.          231.        ]
[   0.33262108    1.          234.        ]
[   0.33262108    1.          234.        ]

 red  hsv colors:
[   0.    1.  244.]
[   0.    1.  244.]
[   0.    1.  244.]
[   0.    1.  244.]
[   0.    1.  244.]
[   0.    1.  244.]
[   0.    1.  244.]
[   0.    1.  244.]
[   0.    1.  244.]
[   0.    1.  243.]
[   0.    1.  244.]
[   0.    1.  244.]
[   0.    1.  244.]
[   0.    1.  244.]
[   0.    1.  244.]
[   0.    1.  244.]
[   0.    1.  244.]
[ 0.  0.  0.]
[ 0.  0.  0.]
[ 0.  0.  0.]

 white  hsv colors:
[  1.31944444e-01   4.03361345e-01   2.38000000e+02]
[  1.35087719e-01   3.99159664e-01   2.38000000e+02]
[  1.32246377e-01   3.89830508e-01   2.36000000e+02]
[  1.31944444e-01   4.03361345e-01   2.38000000e+02]
[  1.35087719e-01   3.97489540e-01   2.39000000e+02]
[  1.35087719e-01   3.99159664e-01   2.38000000e+02]
[  1.31944444e-01   4.03361345e-01   2.38000000e+02]
[  1.35738832e-01   4.09282700e-01   2.37000000e+02]
[  1.35087719e-01   4.02542373e-01   2.36000000e+02]
[  1.31944444e-01   4.01673640e-01   2.39000000e+02]
[  1.35087719e-01   3.95833333e-01   2.40000000e+02]



