 blue  hsv colors:
[   0.61436541    1.          239.        ]
[   0.61366806    1.          239.        ]
[   0.61484594    1.          238.        ]
[   0.61560284    1.          235.        ]
[   0.61436541    0.99583333  240.        ]
[   0.61484594    1.          238.        ]
[   0.6127451    1.         238.       ]
[   0.61370056    1.          236.        ]
[   0.61462729    1.          237.        ]
[   0.6127451    1.         238.       ]

 green  hsv colors:
[   0.3915575    1.         229.       ]
[   0.39341917    1.          233.        ]
[   0.39295977    1.          232.        ]
[   0.39202899    1.          230.        ]
[   0.39341917    0.99148936  235.        ]
[   0.39367816    1.          232.        ]
[   0.39341917    0.9957265   234.        ]
[   0.39321789    1.          231.        ]

 red  hsv colors:
[   0.99283154    0.86111111  216.        ]
[   0.99113475    0.87037037  216.        ]
[   0.99113475    0.85844749  219.        ]
[   0.99113475    0.85844749  219.        ]
[   0.98677249    0.85135135  222.        ]
[   0.98677249    0.87906977  215.        ]
[   0.98677249    0.87906977  215.        ]
[   0.98263889    0.88888889  216.        ]
[   0.98263889    0.88888889  216.        ]
[   0.98677249    0.88732394  213.        ]

 white hsv colors:
[   0.5480226     0.24894515  237.        ]
[   0.54371585    0.25523013  239.        ]
[   0.53954802    0.24789916  238.        ]
[   0.54371585    0.25738397  237.        ]
[   0.5480226     0.24583333  240.        ]
[   0.54371585    0.25847458  236.        ]



